-1.000000000000000000e+01 5.292157037902991967e-03 3.000000000000000062e-03
-9.800000000000000711e+00 1.200471625101669909e-03 3.000000000000000062e-03
-9.599999999999999645e+00 2.936213952317217723e-03 3.000000000000000062e-03
-9.400000000000000355e+00 6.722679597604373607e-03 3.000000000000000062e-03
-9.199999999999999289e+00 5.602673970449902584e-03 3.000000000000000062e-03
-9.000000000000000000e+00 -2.931833639629233268e-03 3.000000000000000062e-03
-8.800000000000000711e+00 2.850265252576768358e-03 3.000000000000000062e-03
-8.599999999999999645e+00 -4.540716248930936607e-04 3.000000000000000062e-03
-8.400000000000000355e+00 -3.096565553806735296e-04 3.000000000000000062e-03
-8.199999999999999289e+00 1.231795505815116943e-03 3.000000000000000062e-03
-8.000000000000000000e+00 4.321307134826340014e-04 3.000000000000000062e-03
-7.799999999999999822e+00 4.362820520888925635e-03 3.000000000000000062e-03
-7.599999999999999645e+00 2.283113175440981864e-03 3.000000000000000062e-03
-7.400000000000000355e+00 3.650250494784938889e-04 3.000000000000000062e-03
-7.199999999999999289e+00 1.331589698236322486e-03 3.000000000000000062e-03
-7.000000000000000000e+00 1.001022982123030104e-03 3.000000000000000062e-03
-6.799999999999999822e+00 4.482237219473932978e-03 3.000000000000000062e-03
-6.599999999999999645e+00 -6.154747912922019790e-04 3.000000000000000062e-03
-6.400000000000000355e+00 9.392031049760120407e-04 3.000000000000000062e-03
-6.199999999999999289e+00 -2.562287217804810977e-03 3.000000000000000062e-03
-6.000000000000000000e+00 -7.658969447087021765e-03 3.000000000000000062e-03
-5.799999999999999822e+00 1.960855787971518827e-03 3.000000000000000062e-03
-5.599999999999999645e+00 2.593308602881608249e-03 3.000000000000000062e-03
-5.399999999999999467e+00 -2.226495038091413914e-03 3.000000000000000062e-03
-5.199999999999999289e+00 6.809263953498499201e-03 3.000000000000000062e-03
-5.000000000000000000e+00 -4.363096747618653085e-03 3.000000000000000062e-03
-4.799999999999999822e+00 1.372764507119965925e-04 3.000000000000000062e-03
-4.599999999999999645e+00 -5.615487392936393662e-04 3.000000000000000062e-03
-4.399999999999999467e+00 4.598346093881396264e-03 3.000000000000000062e-03
-4.199999999999999289e+00 4.408100793682882303e-03 3.000000000000000062e-03
-4.000000000000000000e+00 4.649112361329754586e-04 3.000000000000000062e-03
-3.799999999999999822e+00 1.134681669266340712e-03 3.000000000000000062e-03
-3.599999999999999645e+00 -2.662774453356800582e-03 3.000000000000000062e-03
-3.399999999999999467e+00 -5.940355360728816203e-03 3.000000000000000062e-03
-3.199999999999999289e+00 -1.035388474150875614e-03 3.000000000000000062e-03
-3.000000000000000000e+00 5.055460597932726020e-04 3.000000000000000062e-03
-2.799999999999999822e+00 3.843210977472268173e-03 3.000000000000000062e-03
-2.599999999999999645e+00 4.176791498054964469e-03 3.000000000000000062e-03
-2.399999999999999467e+00 6.929957788392399152e-04 3.000000000000000062e-03
-2.199999999999999289e+00 4.291125370010062320e-03 3.000000000000000062e-03
-2.000000000000000000e+00 9.326462979580781715e-03 3.000000000000000062e-03
-1.799999999999998934e+00 2.130902087973163272e-02 3.000000000000000062e-03
-1.599999999999999645e+00 3.963182765723059775e-02 3.000000000000000062e-03
-1.400000000000000355e+00 7.271026401478027090e-02 3.000000000000000062e-03
-1.199999999999999289e+00 8.379953368384250589e-02 3.000000000000000062e-03
-1.000000000000000000e+00 9.201892280013122816e-02 3.000000000000000062e-03
-7.999999999999989342e-01 8.508201473298214468e-02 3.000000000000000062e-03
-5.999999999999996447e-01 8.057572097778814557e-02 3.000000000000000062e-03
-3.999999999999985789e-01 6.846230484731663513e-02 3.000000000000000062e-03
-1.999999999999992895e-01 7.695879029333756172e-02 3.000000000000000062e-03
0.000000000000000000e+00 7.498416387502723768e-02 3.000000000000000062e-03
2.000000000000010658e-01 6.297926298461194172e-02 3.000000000000000062e-03
4.000000000000003553e-01 3.777813389796062793e-02 3.000000000000000062e-03
6.000000000000014211e-01 2.110189803173323497e-02 3.000000000000000062e-03
8.000000000000007105e-01 1.938318793759389799e-02 3.000000000000000062e-03
1.000000000000000000e+00 1.965946236246081738e-02 3.000000000000000062e-03
1.200000000000001066e+00 1.799813789484045259e-02 3.000000000000000062e-03
1.400000000000000355e+00 1.764888319032799704e-02 3.000000000000000062e-03
1.600000000000001421e+00 1.324376464168639835e-02 3.000000000000000062e-03
1.800000000000000711e+00 1.207958923477295797e-02 3.000000000000000062e-03
2.000000000000000000e+00 8.981289346030540965e-03 3.000000000000000062e-03
2.200000000000001066e+00 7.747979494005499158e-03 3.000000000000000062e-03
2.400000000000000355e+00 4.366355054653365750e-03 3.000000000000000062e-03
2.600000000000001421e+00 -1.369916846997876886e-04 3.000000000000000062e-03
2.800000000000000711e+00 4.120921985918811481e-03 3.000000000000000062e-03
3.000000000000000000e+00 1.248792032884911028e-03 3.000000000000000062e-03
3.200000000000001066e+00 -3.278113547887573885e-03 3.000000000000000062e-03
3.400000000000000355e+00 2.406279961797454930e-03 3.000000000000000062e-03
3.600000000000001421e+00 -2.104487400709473353e-03 3.000000000000000062e-03
3.800000000000000711e+00 5.156294411602326726e-04 3.000000000000000062e-03
4.000000000000000000e+00 2.388719341620701864e-03 3.000000000000000062e-03
4.200000000000001066e+00 4.953163777933608167e-04 3.000000000000000062e-03
4.400000000000000355e+00 3.474212015833220979e-03 3.000000000000000062e-03
4.600000000000001421e+00 -3.676663736964877298e-03 3.000000000000000062e-03
4.800000000000000711e+00 1.220295238341349625e-03 3.000000000000000062e-03
5.000000000000000000e+00 -2.048347080740717772e-03 3.000000000000000062e-03
5.200000000000001066e+00 -2.609712217193075300e-03 3.000000000000000062e-03
5.400000000000000355e+00 -1.735415245598243917e-03 3.000000000000000062e-03
5.600000000000001421e+00 -9.341966485609595880e-04 3.000000000000000062e-03
5.800000000000000711e+00 1.686760857388286980e-04 3.000000000000000062e-03
6.000000000000000000e+00 -3.495381944190308499e-03 3.000000000000000062e-03
6.199999999999999289e+00 2.702503829205037296e-03 3.000000000000000062e-03
6.400000000000002132e+00 1.396995761745218603e-03 3.000000000000000062e-03
6.600000000000001421e+00 -4.608728248549625629e-03 3.000000000000000062e-03
6.800000000000000711e+00 4.464757480168454230e-03 3.000000000000000062e-03
7.000000000000000000e+00 5.687667804268242699e-03 3.000000000000000062e-03
7.199999999999999289e+00 3.536338795014584094e-03 3.000000000000000062e-03
7.400000000000002132e+00 -5.397744843091424041e-04 3.000000000000000062e-03
7.600000000000001421e+00 -3.212257858228536895e-03 3.000000000000000062e-03
7.800000000000000711e+00 3.163355182443846995e-03 3.000000000000000062e-03
8.000000000000000000e+00 -1.209530840504324453e-03 3.000000000000000062e-03
8.199999999999999289e+00 3.667335211247645544e-03 3.000000000000000062e-03
8.400000000000002132e+00 6.248249342538888303e-04 3.000000000000000062e-03
8.600000000000001421e+00 2.929917109456339156e-03 3.000000000000000062e-03
8.800000000000000711e+00 1.069099191524320713e-03 3.000000000000000062e-03
9.000000000000000000e+00 2.119719504576074443e-03 3.000000000000000062e-03
9.200000000000002842e+00 3.150006216250688561e-05 3.000000000000000062e-03
9.400000000000002132e+00 5.357611481717513939e-03 3.000000000000000062e-03
9.600000000000001421e+00 3.807362781108613345e-04 3.000000000000000062e-03
9.800000000000000711e+00 1.205968090334105184e-03 3.000000000000000062e-03
1.000000000000000000e+01 5.649452091168763630e-03 3.000000000000000062e-03
